"itemId","star","content","createTime"
1445002,5,"好可爱的小东东，送女儿的生日礼物，喜欢！",2018-07-13 10:51:15
