"itemId","star","content","createTime"
1643014,5,"昨天盖着睡觉的，很舒服，手感好",2018-08-14 09:16:07
